Copying objective function to workers...
Done copying objective function to workers.
|==============================================================================================================================|
| Iter | Active  | Eval   | Objective   | Objective   | BestSoFar   | BestSoFar   |       lambda |    lambdaL1W |        alpha |
|      | workers | result |             | runtime     | (observed)  | (estim.)    |              |              |              |
|==============================================================================================================================|
|    1 |      12 | Best   |           9 |      4.5565 |           9 |           9 |    0.0059097 |      0.88717 |   0.00074539 |
|    2 |      12 | Best   |      2.9921 |      72.939 |      2.9921 |      3.3669 |      0.08987 |     0.017407 |    0.0029663 |
|    3 |      12 | Best   |      1.7347 |      76.266 |      1.7347 |      1.7353 |   0.00047077 |     0.048766 |   1.0405e-06 |
|    4 |      12 | Accept |      1.7793 |      86.714 |      1.7347 |       1.735 |     0.050319 |      0.17152 |    0.0002252 |
|    5 |      12 | Accept |      7.8399 |      92.371 |      1.7347 |      1.7351 |     0.030242 |    0.0067782 |   1.4062e-06 |
|    6 |      12 | Accept |       8.181 |      99.651 |      1.7347 |      1.7351 |     0.053826 |     0.016768 |   1.8743e-06 |
|    7 |      12 | Best   |      1.0899 |      113.96 |      1.0899 |      1.0903 |    0.0063579 |     0.020731 |   0.00084862 |
|    8 |      12 | Accept |      4.1753 |      151.78 |      1.0899 |      1.0903 |   0.00036966 |      0.14323 |   4.7458e-05 |
|    9 |      12 | Accept |      2.7052 |      175.45 |      1.0899 |      1.0903 |   0.00066193 |       0.4956 |    0.0090166 |
|   10 |      12 | Accept |       3.713 |      112.28 |      1.0899 |      1.0903 |     0.079139 |     0.014104 |    0.0042953 |
|   11 |      12 | Accept |      2.2253 |      94.483 |      1.0899 |      1.0903 |   0.00021113 |    0.0016351 |   1.0095e-06 |
|   12 |      12 | Accept |      2.4685 |       209.1 |      1.0899 |      1.0902 |   0.00027843 |    0.0080218 |   0.00067839 |
|   13 |      12 | Accept |      1.5899 |      144.75 |      1.0899 |      1.0902 |   0.00053946 |     0.041941 |   7.5947e-06 |
|   14 |      12 | Accept |      2.4146 |      223.01 |      1.0899 |      1.0902 |     0.007098 |    0.0033071 |   9.8397e-05 |
|   15 |      12 | Accept |      4.8065 |      225.44 |      1.0899 |      1.0902 |   0.00017548 |     0.001025 |   7.2664e-05 |
|   16 |      12 | Best   |      1.0437 |      226.69 |      1.0437 |      1.0438 |    0.0033159 |     0.029912 |   1.3983e-05 |
|   17 |      12 | Accept |      1.6987 |      88.095 |      1.0437 |      1.0439 |     0.011724 |     0.010217 |    0.0012383 |
|   18 |      12 | Accept |       2.925 |       193.5 |      1.0437 |       1.044 |   0.00010006 |     0.077916 |   7.1989e-05 |
|   19 |      12 | Accept |       3.375 |      105.01 |      1.0437 |      1.0441 |    0.0036608 |     0.017277 |    0.0025263 |
|   20 |      12 | Accept |      1.1077 |      181.82 |      1.0437 |      1.0441 |     0.018946 |     0.027628 |   0.00045072 |
|==============================================================================================================================|
| Iter | Active  | Eval   | Objective   | Objective   | BestSoFar   | BestSoFar   |       lambda |    lambdaL1W |        alpha |
|      | workers | result |             | runtime     | (observed)  | (estim.)    |              |              |              |
|==============================================================================================================================|
|   21 |      12 | Accept |      2.0892 |      80.225 |      1.0437 |      1.0441 |   0.00036008 |    0.0041602 |   1.0725e-06 |
|   22 |      12 | Accept |      1.8146 |      113.24 |      1.0437 |      1.0441 |   0.00020647 |     0.013096 |   1.0657e-06 |
|   23 |      12 | Accept |      1.2968 |      96.525 |      1.0437 |      1.0441 |   0.00062733 |     0.011069 |   1.0392e-06 |
|   24 |      12 | Accept |      1.1301 |      108.85 |      1.0437 |       1.044 |    0.0019291 |     0.012539 |   7.5666e-06 |
|   25 |      12 | Accept |      1.1291 |      160.64 |      1.0437 |      1.0441 |    0.0048703 |       0.0099 |   0.00057737 |
|   26 |      12 | Best   |      1.0054 |      101.56 |      1.0054 |      1.0058 |    0.0012339 |     0.035228 |   1.0001e-06 |
|   27 |      12 | Accept |      2.7436 |      159.35 |      1.0054 |      1.0057 |     0.072449 |      0.46551 |    0.0086686 |
|   28 |      12 | Accept |           9 |      4.3358 |      1.0054 |      1.0056 |   0.00011038 |      0.99484 |    0.0096732 |
|   29 |      12 | Accept |      1.1923 |      97.978 |      1.0054 |      1.0056 |   0.00066751 |     0.018354 |   2.7743e-06 |
|   30 |      12 | Accept |      4.8823 |      115.07 |      1.0054 |      1.0056 |      0.09966 |      0.12717 |   7.2582e-05 |
|   31 |      12 | Accept |      1.0286 |      129.04 |      1.0054 |      1.0055 |     0.005438 |     0.018969 |   0.00029695 |
|   32 |      12 | Accept |      1.1462 |      212.83 |      1.0054 |      1.0055 |     0.060987 |     0.068305 |   0.00089649 |
|   33 |      12 | Accept |      1.0706 |      94.854 |      1.0054 |      1.0056 |    0.0014302 |     0.016952 |   2.0223e-05 |
|   34 |      12 | Accept |      1.0067 |      164.14 |      1.0054 |     0.98292 |    0.0026219 |     0.019008 |   7.8294e-05 |
|   35 |      12 | Accept |       1.026 |      102.77 |      1.0054 |     0.96453 |    0.0016556 |     0.034849 |   3.8218e-06 |
|   36 |      12 | Accept |      3.3562 |      161.36 |      1.0054 |      1.0085 |     0.098184 |    0.0098332 |    0.0003269 |
|   37 |      12 | Accept |       2.253 |      142.13 |      1.0054 |     0.96819 |   0.00010406 |      0.11869 |    0.0096785 |
|   38 |      12 | Accept |      2.9626 |      417.42 |      1.0054 |     0.98883 |     0.077961 |     0.093636 |   0.00024154 |
|   39 |      12 | Accept |      1.7218 |       100.4 |      1.0054 |     0.98278 |    0.0027594 |     0.024439 |   1.0215e-06 |
|   40 |      12 | Accept |      1.0368 |      114.18 |      1.0054 |      1.0077 |     0.008574 |     0.015232 |   0.00039649 |
|==============================================================================================================================|
| Iter | Active  | Eval   | Objective   | Objective   | BestSoFar   | BestSoFar   |       lambda |    lambdaL1W |        alpha |
|      | workers | result |             | runtime     | (observed)  | (estim.)    |              |              |              |
|==============================================================================================================================|
|   41 |      12 | Accept |      2.0274 |      125.49 |      1.0054 |     0.99706 |   0.00010006 |     0.011966 |    1.532e-05 |
|   42 |      12 | Accept |      1.6478 |      157.07 |      1.0054 |     0.99972 |    0.0015418 |    0.0038754 |   0.00010828 |
|   43 |      12 | Accept |      3.2385 |      79.885 |      1.0054 |     0.99538 |   0.00010021 |     0.095722 |   1.0046e-06 |
|   44 |      12 | Accept |      3.5006 |      133.91 |      1.0054 |     0.99022 |    0.0019513 |      0.22071 |   1.0344e-06 |
|   45 |      12 | Accept |        1.19 |      146.86 |      1.0054 |     0.96085 |     0.032119 |     0.079293 |   0.00063384 |
|   46 |      12 | Accept |      1.3168 |      140.38 |      1.0054 |     0.95377 |     0.049443 |      0.13154 |    0.0016047 |
|   47 |      12 | Accept |      1.2034 |       149.1 |      1.0054 |      0.9684 |    0.0034301 |     0.012102 |   4.6906e-05 |
|   48 |      12 | Accept |      1.4521 |      350.41 |      1.0054 |     0.94645 |     0.014495 |     0.038153 |   6.8444e-05 |
|   49 |      12 | Accept |      3.2981 |      110.17 |      1.0054 |     0.94566 |    0.0015892 |    0.0010048 |   1.0123e-06 |
|   50 |      12 | Accept |      1.6526 |      122.99 |      1.0054 |     0.95068 |     0.018538 |     0.046005 |    0.0036845 |
|   51 |      12 | Accept |      2.9643 |      180.46 |      1.0054 |     0.96275 |   0.00034137 |     0.070396 |    0.0097689 |
|   52 |      12 | Accept |      1.0155 |      110.93 |      1.0054 |     0.97095 |    0.0011736 |     0.020257 |   1.9787e-06 |
|   53 |      12 | Accept |      7.9931 |      164.36 |      1.0054 |     0.93313 |   0.00010017 |    0.0059404 |    0.0090418 |
|   54 |      12 | Accept |      2.3353 |      224.86 |      1.0054 |     0.92692 |   0.00010115 |     0.030014 |    0.0012098 |
|   55 |      12 | Accept |      1.4628 |      103.73 |      1.0054 |     0.92908 |   0.00047404 |     0.011667 |   2.6026e-05 |
|   56 |      12 | Accept |      1.0069 |       234.4 |      1.0054 |      1.0054 |     0.002122 |     0.024848 |   1.6652e-05 |
|   57 |      12 | Accept |      1.0685 |      158.31 |      1.0054 |      1.0056 |     0.010681 |      0.02741 |   0.00037572 |
|   58 |      12 | Accept |      1.1074 |       205.2 |      1.0054 |      1.0054 |    0.0075617 |     0.025619 |   0.00018686 |
|   59 |      12 | Accept |      1.1941 |      288.39 |      1.0054 |      1.0056 |     0.011581 |     0.042586 |   0.00071569 |
|   60 |      12 | Accept |      2.2524 |      315.84 |      1.0054 |      1.0059 |   0.00018337 |     0.049243 |    0.0032818 |
|==============================================================================================================================|
| Iter | Active  | Eval   | Objective   | Objective   | BestSoFar   | BestSoFar   |       lambda |    lambdaL1W |        alpha |
|      | workers | result |             | runtime     | (observed)  | (estim.)    |              |              |              |
|==============================================================================================================================|
|   61 |      12 | Accept |       5.222 |      464.26 |      1.0054 |      1.0058 |   0.00014068 |     0.029099 |    0.0098248 |
|   62 |      12 | Accept |      4.0082 |      308.41 |      1.0054 |      1.0056 |    0.0001875 |     0.052515 |    0.0097226 |
|   63 |      12 | Accept |      1.0271 |      125.95 |      1.0054 |      1.0056 |     0.033855 |     0.049908 |    0.0014263 |
|   64 |      12 | Accept |      2.6404 |      155.76 |      1.0054 |      1.0022 |   0.00078499 |      0.22452 |    0.0099183 |
|   65 |      12 | Accept |      1.7035 |       242.8 |      1.0054 |      1.0064 |     0.006449 |     0.092831 |   0.00040135 |
|   66 |      12 | Accept |      2.5346 |      314.48 |      1.0054 |      1.0059 |    0.0027174 |      0.20295 |    0.0097953 |
|   67 |      12 | Accept |      1.7485 |      213.67 |      1.0054 |      1.0059 |    0.0003615 |     0.019813 |    0.0001892 |
|   68 |      12 | Accept |      2.8371 |      346.27 |      1.0054 |      1.0059 |     0.097542 |      0.09737 |    0.0091631 |
|   69 |      12 | Accept |      1.1989 |      250.56 |      1.0054 |      1.0058 |    0.0034067 |     0.051935 |   8.6197e-05 |
|   70 |      12 | Accept |       1.236 |      209.08 |      1.0054 |      1.0058 |    0.0014206 |     0.010358 |   0.00018857 |
|   71 |      12 | Accept |      3.4422 |      175.35 |      1.0054 |       1.006 |   0.00032382 |      0.13494 |     0.002442 |
|   72 |      12 | Accept |      1.6144 |       89.33 |      1.0054 |     0.96136 |     0.025615 |      0.19648 |   0.00067461 |
|   73 |      12 | Accept |      1.8807 |      105.04 |      1.0054 |     0.95944 |   0.00029814 |    0.0043809 |   1.1296e-05 |
|   74 |      12 | Accept |       1.317 |      137.77 |      1.0054 |      0.9658 |    0.0033482 |    0.0069989 |   0.00024257 |
|   75 |      12 | Accept |      3.1454 |      120.19 |      1.0054 |     0.98721 |   0.00010009 |    0.0055393 |   7.7414e-05 |
|   76 |      12 | Accept |      1.1689 |       298.1 |      1.0054 |        0.97 |    0.0064893 |     0.079086 |   3.1908e-05 |
|   77 |      12 | Accept |      1.4648 |      217.74 |      1.0054 |     0.99725 |    0.0012725 |     0.026798 |    0.0002374 |
|   78 |      12 | Accept |      3.4555 |      238.62 |      1.0054 |     0.99649 |    0.0014647 |      0.11874 |    0.0028464 |
|   79 |      12 | Accept |      5.8445 |      706.43 |      1.0054 |     0.99622 |    0.0031581 |    0.0010038 |    0.0031115 |
|   80 |      12 | Accept |      1.1033 |      156.35 |      1.0054 |     0.97652 |     0.095295 |      0.24809 |   0.00080691 |
|==============================================================================================================================|
| Iter | Active  | Eval   | Objective   | Objective   | BestSoFar   | BestSoFar   |       lambda |    lambdaL1W |        alpha |
|      | workers | result |             | runtime     | (observed)  | (estim.)    |              |              |              |
|==============================================================================================================================|
|   81 |      12 | Accept |      1.2861 |      126.09 |      1.0054 |      0.9779 |     0.027553 |     0.069721 |    0.0011187 |
|   82 |      12 | Accept |      1.0111 |      98.806 |      1.0054 |     0.99843 |    0.0014689 |      0.02345 |    5.798e-06 |
|   83 |      12 | Accept |      1.0136 |      311.91 |      1.0054 |      1.0049 |    0.0040207 |     0.031988 |   4.7956e-05 |
|   84 |      12 | Accept |      1.0804 |       83.36 |      1.0054 |      1.0069 |    0.0017132 |     0.046762 |   2.4108e-06 |
|   85 |      12 | Accept |        1.05 |      126.29 |      1.0054 |      1.0068 |     0.025396 |     0.042699 |    0.0010049 |
|   86 |      12 | Accept |      1.0072 |      63.882 |      1.0054 |      1.0068 |   0.00092442 |     0.024138 |   1.1275e-06 |
|   87 |      11 | Accept |      1.0291 |      218.92 |      1.0054 |      1.0069 |    0.0029812 |     0.034338 |   2.7095e-05 |
|   88 |      11 | Accept |      1.0875 |      191.63 |      1.0054 |      1.0069 |     0.014246 |     0.020945 |   0.00064677 |
|   89 |      12 | Accept |      1.0655 |      269.35 |      1.0054 |      1.0069 |     0.006037 |     0.011367 |   0.00027412 |
|   90 |      12 | Accept |      2.9697 |      489.91 |      1.0054 |      1.0069 |   0.00053535 |      0.06167 |   0.00072547 |
|   91 |      12 | Accept |      1.3761 |      178.91 |      1.0054 |      1.0068 |    0.0013683 |    0.0066889 |   1.4286e-05 |
|   92 |      12 | Accept |           9 |      4.6973 |      1.0054 |      1.0068 |     0.091569 |      0.99494 |   1.0223e-06 |
|   93 |      12 | Accept |      1.0469 |      273.89 |      1.0054 |      1.0062 |    0.0043028 |     0.044951 |   3.4329e-05 |
|   94 |      12 | Accept |      1.2545 |      94.019 |      1.0054 |      1.0061 |   0.00080389 |    0.0096151 |   4.5642e-06 |
|   95 |      12 | Accept |      1.0082 |      100.75 |      1.0054 |      1.0062 |    0.0011771 |     0.030927 |   1.8237e-06 |
|   96 |      12 | Accept |       1.145 |      310.52 |      1.0054 |      1.0061 |    0.0029923 |     0.053065 |   1.1211e-05 |
|   97 |      12 | Accept |      1.2742 |      141.96 |      1.0054 |       1.006 |     0.094353 |      0.17127 |    0.0010527 |
|   98 |      12 | Accept |       1.051 |      183.09 |      1.0054 |       1.006 |     0.032136 |     0.032038 |    0.0012173 |
|   99 |      12 | Accept |      1.0181 |      149.39 |      1.0054 |      1.0061 |     0.050997 |     0.045522 |    0.0013344 |
|  100 |      12 | Accept |           9 |      4.6386 |      1.0054 |       1.006 |   0.00010486 |      0.95351 |   1.0613e-06 |

__________________________________________________________
Optimization completed.
MaxObjectiveEvaluations of 100 reached.
Total function evaluations: 100
Total elapsed time: 1561.9968 seconds
Total objective function evaluation time: 17155.6244

Best observed feasible point:
     lambda      lambdaL1W      alpha   
    _________    _________    __________

    0.0012339    0.035228     1.0001e-06

Observed objective function value = 1.0054
Estimated objective function value = 1.0076
Function evaluation time = 101.5605

Best estimated feasible point (according to models):
     lambda     lambdaL1W      alpha   
    ________    _________    __________

    0.002122    0.024848     1.6652e-05

Estimated objective function value = 1.006
Estimated function evaluation time = 169.8681

