Starting parallel pool (parpool) using the 'local' profile ...
Connected to the parallel pool (number of workers: 12).
Copying objective function to workers...
Done copying objective function to workers.
|===============================================================================================================|
| Iter | Active  | Eval   | Objective   | Objective   | BestSoFar   | BestSoFar   |       lambda |        alpha |
|      | workers | result |             | runtime     | (observed)  | (estim.)    |              |              |
|===============================================================================================================|
|    1 |      12 | Best   |      1.5023 |      149.05 |      1.5023 |      1.5023 |    0.0084394 |   2.0521e-06 |
|    2 |      12 | Best   |      1.0053 |      155.81 |      1.0053 |      1.2256 |     0.001649 |    1.383e-06 |
|    3 |      12 | Accept |      1.0161 |         202 |      1.0053 |      1.0053 |    0.0021611 |   1.3435e-05 |
|    4 |      12 | Accept |       1.025 |      228.98 |      1.0053 |      1.0133 |    0.0018138 |   1.0599e-05 |
|    5 |      12 | Accept |      1.6182 |      238.82 |      1.0053 |      1.0127 |     0.025061 |   1.2394e-05 |
|    6 |      12 | Accept |      1.7397 |      259.75 |      1.0053 |      1.0124 |     0.078119 |   3.8343e-05 |
|    7 |      12 | Accept |      1.0109 |      285.33 |      1.0053 |      1.0088 |     0.013655 |   0.00034357 |
|    8 |      12 | Accept |       1.109 |      157.85 |      1.0053 |      1.0055 |   0.00069575 |   1.0709e-06 |
|    9 |      12 | Accept |      1.1613 |      316.11 |      1.0053 |      1.0054 |     0.069775 |   0.00016911 |
|   10 |      12 | Accept |      1.5946 |      393.35 |      1.0053 |      1.0054 |   0.00024749 |   0.00010262 |
|   11 |      12 | Accept |      1.9745 |      263.95 |      1.0053 |      1.0055 |   1.0019e-05 |   3.8135e-05 |
|   12 |      12 | Accept |       1.043 |      250.81 |      1.0053 |      1.0055 |    0.0016796 |   1.2988e-05 |
|   13 |      12 | Accept |      1.9463 |      548.05 |      1.0053 |      1.0055 |   0.00041221 |    0.0073694 |
|   14 |      12 | Accept |      1.0156 |       322.7 |      1.0053 |      1.0055 |      0.04176 |   0.00062012 |
|   15 |      12 | Accept |      1.7996 |      645.04 |      1.0053 |      1.0055 |     0.021247 |    0.0060545 |
|   16 |      12 | Accept |       1.068 |      270.84 |      1.0053 |      1.0056 |    0.0012459 |   2.8863e-06 |
|   17 |      12 | Accept |      1.2109 |         574 |      1.0053 |      1.0056 |   0.00078826 |   0.00014015 |
|   18 |      12 | Accept |       1.268 |      505.94 |      1.0053 |      1.0055 |    0.0016522 |   0.00027266 |
|   19 |      12 | Best   |      1.0003 |      277.78 |      1.0003 |      1.0004 |    0.0051681 |    6.881e-05 |
|   20 |      12 | Accept |      1.6583 |       482.7 |      1.0003 |      1.0003 |    0.0049994 |    0.0098875 |
|===============================================================================================================|
| Iter | Active  | Eval   | Objective   | Objective   | BestSoFar   | BestSoFar   |       lambda |        alpha |
|      | workers | result |             | runtime     | (observed)  | (estim.)    |              |              |
|===============================================================================================================|
|   21 |      12 | Accept |      1.8874 |      131.78 |      1.0003 |      1.0003 |    3.743e-05 |    1.008e-06 |
|   22 |      12 | Accept |       1.015 |      238.33 |      1.0003 |      1.0006 |     0.010335 |   0.00014917 |
|   23 |      12 | Accept |       1.119 |      572.08 |      1.0003 |      1.0005 |    0.0055842 |   0.00066318 |
|   24 |      12 | Best   |      1.0001 |      321.39 |      1.0001 |           1 |     0.026251 |    0.0002761 |
|   25 |      12 | Accept |      1.0651 |      272.44 |      1.0001 |           1 |    0.0041198 |   0.00013868 |
|   26 |      12 | Accept |      1.0017 |       229.9 |      1.0001 |      1.0001 |    0.0048311 |   2.4521e-05 |
|   27 |      12 | Accept |      1.0589 |      265.09 |      1.0001 |      1.0001 |    0.0024433 |   4.6901e-05 |
|   28 |      12 | Accept |      1.6354 |      486.03 |      1.0001 |      1.0001 |     0.097044 |    0.0098483 |
|   29 |      12 | Accept |       1.033 |       190.9 |      1.0001 |      1.0001 |    0.0026546 |   4.1583e-06 |
|   30 |      12 | Accept |      1.0003 |      457.84 |      1.0001 |      1.0002 |     0.096992 |   0.00046256 |
|   31 |      12 | Accept |      1.0003 |      125.78 |      1.0001 |           1 |    0.0015371 |   1.0046e-06 |
|   32 |      12 | Accept |      1.9588 |      1147.8 |      1.0001 |           1 |    5.572e-05 |   0.00091674 |
|   33 |      12 | Accept |      1.0401 |      151.87 |      1.0001 |     0.99999 |    0.0023707 |   1.0578e-06 |
|   34 |      12 | Accept |      1.1045 |      307.69 |      1.0001 |      1.0088 |     0.044715 |   0.00038076 |
|   35 |      12 | Accept |      1.0266 |      262.52 |      1.0001 |      1.0086 |     0.027265 |   0.00042709 |
|   36 |      12 | Accept |      1.0204 |      223.97 |      1.0001 |      1.0085 |      0.00633 |   4.6161e-05 |
|   37 |      12 | Accept |      1.3645 |      1039.5 |      1.0001 |      1.0087 |    0.0013331 |    0.0006169 |
|   38 |      12 | Accept |      1.0062 |      283.05 |      1.0001 |      1.0043 |    0.0040221 |   3.6127e-05 |
|   39 |      12 | Accept |      1.0022 |      272.77 |      1.0001 |      1.0037 |      0.00348 |   1.4944e-05 |
|   40 |      12 | Best   |           1 |      113.07 |           1 |      1.0011 |    0.0014526 |   1.0217e-06 |
|===============================================================================================================|
| Iter | Active  | Eval   | Objective   | Objective   | BestSoFar   | BestSoFar   |       lambda |        alpha |
|      | workers | result |             | runtime     | (observed)  | (estim.)    |              |              |
|===============================================================================================================|
|   41 |      12 | Accept |      1.9987 |      527.14 |           1 |      1.0012 |   1.0146e-05 |    0.0082579 |
|   42 |      12 | Accept |      1.0016 |      207.17 |           1 |      1.0005 |    0.0035838 |   2.5611e-05 |
|   43 |      12 | Accept |           1 |      306.81 |           1 |      1.0005 |     0.012077 |    0.0002301 |
|   44 |      12 | Accept |      1.0078 |      400.54 |           1 |      1.0005 |    0.0077008 |   0.00024723 |
|   45 |      12 | Accept |      1.0138 |      427.61 |           1 |      1.0005 |     0.097479 |    0.0005999 |
|   46 |      12 | Accept |      1.3495 |      1046.3 |           1 |      1.0005 |     0.099389 |    0.0018866 |
|   47 |      12 | Accept |       1.002 |      139.78 |           1 |      1.0007 |    0.0014389 |   1.0119e-06 |
|   48 |      12 | Accept |      1.0048 |      230.42 |           1 |      1.0009 |    0.0032869 |   1.9003e-05 |
|   49 |      12 | Accept |      1.0001 |      390.95 |           1 |      1.0009 |      0.01836 |   0.00025472 |
|   50 |      12 | Accept |      1.0007 |      379.73 |           1 |      1.0009 |     0.013377 |   0.00025949 |
|   51 |      12 | Accept |      1.1596 |      364.66 |           1 |     0.99786 |     0.099696 |   0.00063485 |
|   52 |      12 | Accept |      1.0017 |      299.31 |           1 |     0.99832 |     0.015093 |   0.00028233 |
|   53 |      12 | Accept |      1.9339 |      144.63 |           1 |     0.99831 |     0.099894 |   1.0126e-06 |
|   54 |      12 | Accept |      1.1166 |      367.69 |           1 |     0.99836 |     0.097426 |   0.00057873 |
|   55 |      12 | Accept |      1.0032 |      226.34 |           1 |     0.99837 |    0.0028052 |   1.0931e-05 |
|   56 |      12 | Accept |      1.0007 |       249.2 |           1 |     0.99861 |     0.011215 |   0.00022979 |
|   57 |      12 | Accept |      1.9704 |      119.24 |           1 |     0.99858 |   1.0029e-05 |   1.0834e-06 |
|   58 |      12 | Accept |      1.0055 |      312.78 |           1 |     0.99859 |     0.003154 |    1.696e-05 |
|   59 |      12 | Accept |      1.0138 |      358.29 |           1 |      0.9985 |     0.099195 |   0.00065056 |
|   60 |      12 | Accept |       1.062 |      300.04 |           1 |     0.99926 |     0.023276 |   0.00019474 |
|===============================================================================================================|
| Iter | Active  | Eval   | Objective   | Objective   | BestSoFar   | BestSoFar   |       lambda |        alpha |
|      | workers | result |             | runtime     | (observed)  | (estim.)    |              |              |
|===============================================================================================================|
|   61 |      12 | Accept |      1.1734 |      318.61 |           1 |     0.99936 |     0.030823 |   0.00091145 |
|   62 |      12 | Accept |      1.8353 |      214.03 |           1 |     0.99939 |   7.2054e-05 |   1.0868e-05 |
|   63 |      12 | Accept |      1.0004 |      424.91 |           1 |     0.99857 |     0.017541 |    0.0003575 |
|   64 |      12 | Accept |      1.9709 |      181.25 |           1 |     0.99859 |    1.009e-05 |   6.1392e-06 |
|   65 |      12 | Accept |      1.8044 |       127.7 |           1 |     0.99861 |     0.028831 |   1.0022e-06 |
|   66 |      12 | Accept |      1.0008 |      399.84 |           1 |      0.9985 |    0.0066844 |    0.0001108 |
|   67 |      12 | Accept |      1.6848 |      148.42 |           1 |      0.9985 |   0.00014609 |   1.0065e-06 |
|   68 |      12 | Accept |      1.9226 |      208.81 |           1 |     0.99837 |     0.099958 |   5.7736e-06 |
|   69 |      12 | Accept |      1.9329 |      342.36 |           1 |     0.99838 |    3.815e-05 |   0.00010191 |
|   70 |      12 | Accept |      1.7677 |      157.92 |           1 |     0.99839 |   9.4719e-05 |   2.9983e-06 |
|   71 |      12 | Accept |      1.4832 |      236.93 |           1 |     0.99839 |   0.00028824 |   9.1018e-06 |
|   72 |      12 | Accept |      1.0225 |      1112.2 |           1 |     0.99853 |     0.072032 |   0.00053214 |
|   73 |      12 | Accept |       1.941 |       195.8 |           1 |     0.99854 |   2.3987e-05 |   1.5574e-05 |
|   74 |      12 | Accept |      1.9874 |      617.15 |           1 |     0.99856 |   1.0017e-05 |   0.00052326 |
|   75 |      12 | Accept |      1.8524 |      168.48 |           1 |     0.99858 |     0.037122 |   3.1421e-06 |
|   76 |      12 | Accept |      1.3166 |      249.53 |           1 |     0.99859 |    0.0004887 |   3.4395e-05 |
|   77 |      12 | Accept |       1.993 |      711.75 |           1 |     0.99861 |   6.1284e-05 |    0.0099867 |
|   78 |      12 | Accept |        1.94 |      191.09 |           1 |     0.99862 |   2.4869e-05 |   3.1271e-06 |
|   79 |      12 | Accept |        1.88 |      686.99 |           1 |     0.99859 |    0.0014225 |    0.0099377 |
|   80 |      12 | Accept |       1.823 |      553.19 |           1 |      0.9986 |     0.041606 |    0.0099499 |
|===============================================================================================================|
| Iter | Active  | Eval   | Objective   | Objective   | BestSoFar   | BestSoFar   |       lambda |        alpha |
|      | workers | result |             | runtime     | (observed)  | (estim.)    |              |              |
|===============================================================================================================|
|   81 |      12 | Accept |      1.9799 |      535.97 |           1 |      0.9986 |   1.0256e-05 |   0.00014464 |
|   82 |      12 | Accept |        1.76 |      324.77 |           1 |     0.99862 |   0.00010804 |   4.1526e-05 |
|   83 |      12 | Accept |      1.4079 |       162.7 |           1 |     0.99862 |   0.00032886 |   2.4805e-06 |
|   84 |      12 | Accept |        1.86 |      1018.2 |           1 |     0.99874 |   0.00025475 |    0.0010326 |
|   85 |      12 | Accept |      1.9661 |      838.66 |           1 |     0.99876 |   0.00011857 |    0.0033536 |
|   86 |      12 | Accept |      1.9941 |      901.11 |           1 |     0.99877 |   1.8756e-05 |    0.0025853 |
|   87 |      12 | Accept |      1.3925 |      219.34 |           1 |     0.99878 |     0.010541 |   7.2531e-06 |
|   88 |      12 | Accept |      1.4693 |      174.72 |           1 |     0.99878 |    0.0080554 |   1.0042e-06 |
|   89 |      12 | Accept |      1.5748 |      679.06 |           1 |     0.99829 |    0.0078157 |     0.002616 |
|   90 |      12 | Accept |      1.8237 |      726.21 |           1 |     0.99832 |   0.00010589 |   0.00027039 |
|   91 |      12 | Accept |      1.1604 |      337.99 |           1 |     0.99753 |     0.063595 |    0.0013914 |
|   92 |      12 | Accept |      1.2058 |      189.25 |           1 |     0.99755 |   0.00063734 |    7.527e-06 |
|   93 |      12 | Accept |       1.252 |      265.94 |           1 |     0.99698 |     0.020427 |    4.109e-05 |
|   94 |      12 | Accept |      1.7816 |       502.8 |           1 |     0.99708 |     0.012214 |    0.0099219 |
|   95 |      12 | Accept |      1.8725 |      243.77 |           1 |     0.99697 |      0.09998 |   1.5352e-05 |
|   96 |      12 | Accept |      1.1651 |      321.66 |           1 |     0.99701 |    0.0010345 |   4.7855e-05 |
|   97 |      12 | Accept |      1.7218 |      1602.5 |           1 |      0.9972 |    0.0023154 |    0.0029421 |
|   98 |      12 | Accept |       1.981 |      746.65 |           1 |     0.99725 |   0.00016834 |    0.0099957 |
|   99 |      12 | Accept |      1.9662 |      935.45 |           1 |     0.99726 |   2.3909e-05 |   0.00038373 |
|  100 |      12 | Accept |       1.814 |      1472.8 |           1 |     0.99724 |   0.00071099 |    0.0024175 |

__________________________________________________________
Optimization completed.
MaxObjectiveEvaluations of 100 reached.
Total function evaluations: 100
Total elapsed time: 3712.2652 seconds
Total objective function evaluation time: 39867.8696

Best observed feasible point:
     lambda        alpha   
    _________    __________

    0.0014526    1.0217e-06

Observed objective function value = 1
Estimated objective function value = 1.0046
Function evaluation time = 113.0748

Best estimated feasible point (according to models):
     lambda       alpha  
    ________    _________

    0.012077    0.0002301

Estimated objective function value = 0.99724
Estimated function evaluation time = 334.6053


results = 

  BayesianOptimization with properties:

                      ObjectiveFcn: @(x)compute_error_balance_score_2d(X,K,L,x.lambda,x.alpha)
              VariableDescriptions: [1×2 optimizableVariable]
                           Options: [1×1 struct]
                      MinObjective: 1.0000
                   XAtMinObjective: [1×2 table]
             MinEstimatedObjective: 0.9972
          XAtMinEstimatedObjective: [1×2 table]
           NumObjectiveEvaluations: 100
                  TotalElapsedTime: 3.7123e+03
                         NextPoint: [1×2 table]
                            XTrace: [100×2 table]
                    ObjectiveTrace: [100×1 double]
                  ConstraintsTrace: []
                     UserDataTrace: {100×1 cell}
      ObjectiveEvaluationTimeTrace: [100×1 double]
                IterationTimeTrace: [100×1 double]
                        ErrorTrace: [100×1 double]
                  FeasibilityTrace: [100×1 logical]
       FeasibilityProbabilityTrace: [100×1 double]
               IndexOfMinimumTrace: [100×1 double]
             ObjectiveMinimumTrace: [100×1 double]
    EstimatedObjectiveMinimumTrace: [100×1 double]